95.614853 55.342682
293.478851 752.326538
463.300964 217.329269
62.594837 58.623615
440.356537 885.387695
365.463531 268.844177
110.467529 530.087097
444.039825 926.503418
477.073029 881.197144
459.112335 156.709076
189.579193 889.517700
141.367325 910.259949
154.190094 553.482056
13.945457 78.828842
150.326569 28.334650
59.320072 496.963959
32.160271 708.541870
120.853790 991.013306
457.510651 373.228271
20.018629 797.776978
125.563637 773.254639
28.596558 477.341705
148.152374 945.820068
198.911682 257.946350
412.634979 322.887604
199.320938 212.384033
102.224899 684.562744
56.890911 517.701660
115.174141 150.255997
291.177032 535.691345
80.096291 703.984253
11.442112 232.267990
203.296021 271.945892
107.717812 328.397217
315.744537 262.918152
58.673847 883.790161
13.218582 182.795395
177.339325 329.514496
59.906796 754.976990
286.596405 945.632751
34.275047 972.116333
74.755928 280.269897
326.605591 270.660736
392.914917 884.723938
202.483200 374.502075
207.280457 569.507446
34.589066 443.070679
394.836060 481.012451
351.018463 15.056664
398.691742 340.190765
130.290314 915.583862
108.071167 294.147614
44.636005 575.112793
304.879852 216.994736
161.661499 191.123001
77.084572 397.954376
77.393608 310.644165
332.436493 809.918457
283.487305 456.195862
345.778931 972.221619
409.443420 115.057625
268.550049 889.184265
271.781982 333.504486
181.917542 253.144867
165.939972 169.606430
289.563446 596.535950
37.974903 797.316528
439.739166 173.569595
183.045120 494.345673
187.153717 692.519104
336.095306 533.191772
40.643188 828.708008
416.078766 748.697754
317.488098 405.140900
98.431137 333.268768
185.536652 25.591599
216.326462 909.091675
451.907013 976.454712
117.472794 274.972656
110.908882 571.157227
214.433868 802.935242
79.643044 509.769379
298.106934 48.376789
335.019684 962.681091
264.001251 53.903309
325.858673 208.191162
286.411682 735.673706
13.585448 410.931061
239.581589 665.525635
402.056549 679.265198
494.340637 183.434525
345.887268 427.120819
41.679882 599.632690
198.775513 325.122284
431.618835 623.175110
442.565430 299.184387
210.156723 53.972775
398.461487 26.362078
41.590691 472.292725
489.415741 615.072021
255.654541 634.243347
405.688507 93.291115
181.776321 840.162415
244.556656 844.288635
250.347488 300.294128
259.370636 494.482452
234.206390 218.410599
455.355194 556.254822
403.052155 315.178772
435.038940 672.648560
463.815094 757.656616
480.723694 354.464233
399.812836 760.786682
182.235504 883.979004
112.666374 349.869476
246.995483 739.275452
486.925690 312.314240
410.387146 344.029938
71.957886 316.788727
90.059891 648.164673
301.557007 701.872375
66.993484 80.811531
454.688385 54.250355
311.649689 718.326294
176.479370 498.443451
192.411560 287.783051
124.292984 352.807861
314.266327 57.729542
52.320480 993.073608
465.509369 336.673981
168.153076 430.759583
33.307789 317.055939
365.188782 888.515991
323.780731 875.550415
98.638741 829.404480
259.452057 802.387573
263.271149 656.362183
435.959137 441.559906
348.794189 500.265442
75.700089 60.041664
494.297424 540.861084
165.568039 244.809006
441.246918 960.072021
142.696228 987.263489
476.336182 224.247086
158.554260 296.088715
320.710419 389.886841
299.567993 378.080475
135.556976 254.230545
123.045898 473.707520
37.189411 767.345947
134.391464 604.911926
208.943481 149.294205
18.420115 124.320633
317.959442 196.358002
83.011261 628.268555
362.231842 502.187012
430.847260 610.888000
228.413651 155.616119
297.046173 415.404663
181.749084 912.088867
349.239075 14.869861
147.462479 304.638000
188.358749 570.378540
272.155853 626.581177
17.215168 622.503601
193.902603 310.181122
109.805824 807.635254
221.957230 263.887360
460.583771 89.034988
222.346146 96.318184
352.173492 177.464432
292.174347 570.381104
388.056763 50.764233
356.564240 376.503815
225.337814 85.860435
140.703369 157.662247
40.772877 580.568359
223.383972 463.680603
71.185287 991.168823
40.536270 185.032913
304.885071 474.188965
240.007080 831.087952
137.284958 924.689392
42.916817 203.780121
1.880989 535.220642
141.463791 711.027954
349.840942 868.603516
137.075256 481.037506
454.226135 987.406250
423.000671 365.536621
31.952873 136.133972
254.140854 153.996979
351.869843 955.499146
301.857391 847.649170
473.064636 687.939392
11.455609 560.340393
76.832520 507.896149
192.640579 433.952606
213.427017 476.403595
311.986237 436.309875
0.820339 907.831055
69.362511 704.309326
387.088135 418.746796
88.559006 685.802307
200.077301 32.888138
20.878250 469.419739
75.263687 554.537842
304.755920 855.724426
252.543930 221.094299
350.188690 456.704926
449.006958 726.055725
3.558236 61.162109
113.107010 398.473633
239.956924 656.537415
431.756195 112.847466
41.842060 866.501526
5.393188 230.185059
283.237823 787.113098
317.642365 746.157715
233.795639 45.084892
383.356476 514.254333
249.749817 918.067993
29.692995 117.921326
385.753723 568.829041
161.119019 477.166016
7.845459 228.049362
97.586746 32.579315
135.965393 427.173615
207.602509 754.326172
37.227791 285.930206
427.865479 166.558304
71.935211 867.852173
190.274414 713.242554
325.740021 25.675209
226.969864 127.880630
25.636415 228.446182
314.209595 555.264709
68.946541 690.927063
329.891937 910.306519
126.139481 982.201721
190.642700 275.290192
101.136894 580.694275
145.388626 479.462524
498.923187 708.922424
113.024605 81.578957
492.349823 90.962395
115.220840 137.284378
474.148773 614.880615
419.458069 603.779785
313.412048 299.927307
359.424469 681.315918
256.754272 353.795380
114.434677 654.887634
17.536589 889.766663
280.401123 294.478607
435.337585 942.666687
277.661011 82.219444
259.273224 847.638245
273.576752 521.228943
276.040771 775.470703
294.347412 541.413330
427.491455 820.945129
332.675598 805.247681
215.063507 509.224670
201.529022 66.381592
398.561615 130.687897
367.523987 317.525482
234.587524 964.278137
481.016754 509.205719
426.285309 527.607300
395.800171 726.013306
232.461624 353.453125
398.097351 983.635010
96.510780 349.914703
249.931305 747.652039
58.275448 97.671860
140.942108 971.818481
453.846954 947.763123
387.407166 344.442780
225.751404 186.093613
197.386047 256.139771
149.889648 138.521881
279.628937 771.264771
46.868713 526.078430
136.601273 946.844910
22.063509 74.154854
334.776855 513.959839
205.862610 471.090881
246.260010 608.699280
404.548248 992.458801
174.924927 926.390991
40.470036 635.416748
448.590607 988.747681
289.484772 675.275574
163.227493 40.167610
424.933899 724.014832
139.549194 158.150696
425.523590 839.972717
459.300751 945.336731
179.823792 199.886017
445.546295 409.736877
128.303467 565.039856
456.412445 671.648865
13.197322 411.291443
136.539459 837.136292
198.863770 626.699524
380.569275 483.880951
127.331436 661.736572
233.650803 835.296082
165.157654 795.819031
432.052368 188.381332
257.491852 151.771072
164.915161 372.370575
490.779663 255.947495
155.407730 347.794861
220.117920 209.888947
372.490753 699.874390
381.277130 661.228394
182.587463 791.059448
31.575672 641.871277
312.220062 466.270081
130.591309 391.722900
469.773224 520.687012
21.949244 412.779633
174.738937 380.471649
100.302361 221.446793
277.198486 718.432495
178.392853 885.385010
40.809643 344.961639
66.329536 398.510406
339.776001 577.165955
297.171387 430.288208
134.868866 363.328125
41.169991 638.563538
72.923019 154.036423
136.583237 772.583252
303.185120 539.005615
77.932419 550.457520
25.097292 207.765686
476.382416 405.675751
286.988556 161.835815
306.627533 137.090332
434.478973 970.340393
6.300674 951.071411
154.192932 153.807831
171.505966 988.058472
359.077698 937.981201
206.235718 988.014160
147.125900 499.863312
311.402863 445.696869
320.151398 897.012451
105.191994 254.206223
215.160660 372.586334
396.294830 485.710724
283.006073 747.900940
440.094177 148.589371
449.361969 498.509033
134.181656 770.005066
231.742126 288.155029
359.129578 774.151428
213.112549 70.658394
379.903992 152.936676
499.312897 180.556686
66.136787 299.948853
333.545441 757.528564
366.487732 314.319702
325.525757 943.925842
277.033295 90.559113
154.804123 353.189697
280.944366 876.864136
46.005356 447.656342
7.804818 990.827332
467.760254 291.133209
379.208282 405.014771
282.468811 481.908997
85.437477 991.251099
268.973450 931.376160
67.771614 541.206970
51.481232 275.138611
414.725159 772.352844
11.448052 566.801514
38.723503 677.208130
252.892609 635.198486
377.660248 817.239502
489.084930 324.037109
345.506927 79.478783
379.643158 709.557251
30.457640 697.858826
495.298248 821.138550
46.905849 559.978699
148.003830 272.039764
273.348419 835.614990
97.684822 685.417664
185.263611 305.348785
475.028412 207.977753
34.192734 973.223450
381.201660 154.374146
323.450287 275.506653
388.673035 408.198853
41.790997 757.960754
359.715149 776.849915
412.848267 483.929413
240.609665 887.745728
86.761734 477.097626
352.971863 274.661835
13.674934 11.931848
266.010925 578.306213
417.952942 730.117554
128.143372 214.368759
12.861788 214.280136
203.205322 103.167953
89.648262 177.125809
119.970764 827.935120
218.501221 27.114721
114.209068 525.378601
386.401764 948.369873
147.590149 602.515076
213.282501 778.635620
242.555939 604.087585
124.107712 199.145035
433.711823 282.809631
96.503479 405.450989
424.806000 38.623718
63.418465 114.839729
117.672974 161.034897
156.121155 645.339050
123.334770 496.623413
405.285248 491.744965
158.867950 255.097229
251.949341 550.692505
384.078705 283.935181
247.001236 72.704338
437.601135 921.361755
419.868683 366.711060
260.327972 97.073242
275.684906 394.198730
181.759033 746.932922
393.762512 220.998749
386.644806 915.218262
159.514389 18.549179
33.461201 634.958374
325.196045 320.456024
61.404930 466.352966
400.101501 446.140320
354.267761 311.060669
493.349915 481.926086
290.401947 485.895233
270.015350 461.446106
200.634842 385.970398
408.160187 922.706360
233.860413 374.013214
155.002563 832.926453
56.033432 106.554802
22.184467 886.502930
5.946006 369.763702
446.996002 88.026276
497.334351 548.940308
196.203186 126.303818
2.673351 200.683289
279.012177 716.743469
248.355530 549.276917
95.287636 86.739777
12.713203 733.299927
266.760529 432.429138
55.187016 356.342987
174.310852 582.313904
358.765778 662.040527
204.666885 831.302429
378.078461 459.165649
357.477417 770.368469
408.550201 612.857361
423.431671 813.651428
76.665474 246.877014
464.623871 167.090881
215.939545 492.399353
436.279938 929.304260
15.998127 72.503845
3.052540 66.848434
396.870575 544.229919
242.059387 905.074036
444.733795 834.413025
241.105042 610.929138
245.683624 892.628418
218.298767 255.048920
172.623260 160.036865
7.786536 170.723465
380.249634 863.812073
487.058044 914.691895
50.853062 904.330200
36.253922 538.249390
195.317947 945.617065
231.087677 428.405823
4.101482 473.597656
240.027405 803.924683
3.953311 964.531799
353.029663 898.400452
398.457001 196.386734
252.186661 295.398407
39.906628 941.561157
267.902710 430.809204
46.261623 555.864685
293.703339 854.492310
206.907440 565.907532
383.426331 520.365784
232.443283 840.966919
24.553114 856.967224
392.214142 516.168823
139.077301 794.704956
489.781036 760.627319
297.287689 987.593994
361.191467 307.628387
442.421448 524.104004
244.452072 395.324066
403.789093 573.030273
165.093536 349.949768
496.888611 428.483215
447.381042 585.372070
137.866409 315.491211
71.353348 52.159649
412.048981 611.517334
440.973022 874.472107
231.557861 669.710571
192.242905 743.857605
229.502808 370.407379
249.739868 63.045204
175.758270 229.644104
177.107864 243.995850
370.579865 844.688721
312.787842 553.250549
205.918655 956.205139
446.060791 411.558380
189.236542 789.014832
493.399200 657.663818
47.730305 138.210083
348.395691 920.362976
368.549194 582.950073
396.381378 208.211960
122.555885 185.476074
470.742218 707.076172
270.648224 446.554565
378.849182 893.884827
331.413483 120.794998
64.586212 409.946808
477.517029 757.200623
476.362305 373.202667
355.255432 846.397705
386.242950 98.094040
315.864929 761.691467
371.594879 729.918518
444.394745 445.581329
323.374512 629.628906
9.359279 445.116669
413.050964 271.191986
308.380188 769.910461
483.973846 166.476212
104.275276 728.389587
25.434879 872.663696
418.780121 188.241760
137.682068 794.668335
467.395142 235.807861
79.732819 648.848083
36.467464 932.632019
367.142487 707.618103
345.617920 482.699982
215.927597 584.225037
458.727936 87.818153
102.956581 936.812622
259.057983 41.694935
100.002373 143.527557
399.800720 176.272903
146.466553 18.070482
446.799255 350.364838
439.764740 733.847168
261.922516 163.344681
261.876495 464.048950
191.491180 686.386475
51.968197 461.358124
307.585083 839.839172
80.291016 313.341949
157.848038 596.512817
443.215668 240.820435
335.520721 101.421066
84.663185 197.265839
62.179794 375.637787
162.016876 924.721436
268.641785 620.797180
466.056519 436.573212
480.384857 813.526123
81.020386 489.768585
483.268097 688.935791
471.625031 356.023315
184.506195 56.714581
402.717896 984.340698
442.703888 966.357666
145.294296 209.092850
279.227539 185.249741
217.127914 237.201538
134.682220 607.546387
209.326950 399.786774
486.456665 745.260742
158.842529 515.094910
179.827225 257.300110
470.539459 327.219940
30.720314 112.088470
402.519440 37.697010
394.456726 750.806030
188.747650 166.346542
397.737671 191.101791
71.054169 684.074341
74.474472 438.369934
440.993561 710.329956
304.858429 323.080505
468.450256 880.290466
459.912567 361.998901
136.402664 893.811096
49.121033 594.585510
201.467682 463.317566
420.144226 350.574127
389.160339 902.711792
223.566956 587.526001
464.852966 243.686859
165.824265 314.129150
196.986557 135.852692
245.066132 540.720703
404.003571 642.690430
484.389191 693.094299
173.242630 582.710327
3.118576 290.551910
228.788269 926.801697
319.470093 733.078003
409.400391 739.810425
160.436127 229.518799
97.539398 169.549118
282.875214 973.665466
31.444918 22.755474
278.379517 992.669800
124.465820 889.523499
149.898453 646.475708
7.765760 792.029907
89.493111 825.303284
214.505219 156.286957
256.766418 777.740723
363.129913 524.572266
29.440725 191.998016
222.916153 700.843384
457.109131 271.986786
217.501953 242.739578
243.184647 633.781860
198.125595 61.598480
301.741089 464.549622
32.501995 168.638840
225.868393 320.796295
24.324430 754.018372
478.420197 73.538574
270.731445 144.468353
443.859528 970.768616
141.795624 407.239319
372.984497 19.752575
460.510895 806.801941
96.843742 373.185577
251.336075 116.826668
315.743622 938.299255
171.498108 126.677963
283.879333 741.854919
84.988106 179.528473
99.194229 242.630386
165.741074 653.623962
274.457916 386.329681
200.829468 510.698639
222.155685 943.690613
320.791412 338.710083
456.797607 925.922302
366.641113 662.968567
467.512573 657.761047
232.207336 137.425507
10.579105 967.415894
118.309181 656.119019
452.381409 583.818420
385.250977 477.796295
159.430984 941.073425
321.881195 522.077942
87.729187 975.492065
83.687828 727.130432
177.687759 573.344238
115.065208 801.690063
256.078217 872.996155
65.858643 431.494080
398.443665 866.349548
42.657890 734.593384
259.651794 554.233154
430.312561 545.057190
258.408630 106.271049
96.553627 427.364258
338.429047 963.973145
447.050781 995.762817
452.043701 542.485352
256.485229 88.750336
256.554260 683.542664
401.959991 869.799133
124.690353 43.709908
334.085449 763.921753
452.881836 801.889282
93.644348 705.624512
332.443848 279.878448
217.281738 192.349319
411.167480 302.236755
362.326508 345.760651
196.216064 918.582642
380.366119 78.597267
440.684753 658.285461
32.505100 787.602356
96.348869 582.200806
432.501343 708.748108
129.163391 672.233521
287.145081 512.630371
351.486572 250.036438
134.622284 612.649475
21.174604 461.967957
155.693909 710.164490
364.568878 748.491760
445.714050 555.958008
20.569956 619.920288
445.312439 439.236298
266.920685 654.843567
251.431107 421.058807
153.095459 572.193665
100.333908 503.899719
72.926521 75.013824
102.347412 410.138000
367.296600 781.195190
455.943634 443.190704
10.723035 189.320587
23.151575 73.157318
318.832611 364.114044
385.516083 373.134918
51.821117 665.835693
459.137817 153.334320
139.270676 810.811584
289.177094 814.258911
230.128845 90.404198
113.796814 768.784058
324.544373 433.978821
132.668594 796.992371
246.965988 475.331696
99.560806 236.239960
124.508514 119.898819
333.045776 277.758484
146.070404 715.270752
167.129196 930.507935
35.042831 114.237610
148.304474 181.990616
383.875366 222.735794
159.255035 55.829193
11.892601 897.895569
429.337433 489.202454
489.040283 95.405800
125.245720 630.897644
257.264984 520.670410
211.055557 18.377275
492.930328 625.020447
118.493553 242.528915
366.120819 904.047913
252.670410 34.138611
307.736694 841.203186
477.094208 688.703430
472.444824 258.289429
429.643494 715.514038
232.841019 186.019012
379.466309 494.572571
37.330597 621.431335
486.755035 62.214355
351.937958 231.761536
339.955536 226.221786
369.915100 111.001991
113.433868 728.433960
361.627472 469.216278
480.284271 460.941620
183.466751 471.250275
239.939514 982.582764
152.754257 439.726776
333.982941 257.894226
342.432404 531.980347
481.519348 159.041382
352.524902 724.751526
320.007019 781.913879
169.789322 617.388977
416.226379 53.020031
418.762848 517.240234
130.930206 581.582336
307.193085 493.840851
151.523392 344.264648
476.291473 270.979218
396.568848 326.321320
364.762360 280.286499
150.961670 44.682926
353.542053 970.190308
142.715744 398.029449
248.571060 255.985443
271.247894 210.169998
485.220703 190.684769
490.951477 316.919861
398.017029 816.212158
176.737305 637.224182
163.359802 619.181702
105.457855 941.694641
52.031597 518.822876
139.373398 66.079704
388.788940 81.165588
188.081329 512.031616
172.450546 681.305115
271.067932 61.465347
323.987610 829.291687
221.967072 153.666138
38.018753 986.565613
173.654617 56.014099
84.469894 335.920044
178.249466 965.324097
71.783951 712.873840
299.266815 475.584656
162.654312 811.354797
205.696625 435.078094
161.705917 693.238647
243.008987 109.979820
381.012238 863.558777
304.046143 115.856323
270.133301 158.725937
79.455391 196.359375
488.897766 606.816467
166.679565 63.294739
294.637421 683.861694
50.155979 760.632507
4.940265 462.242798
361.594238 161.913956
83.392235 328.504852
311.867981 497.172150
65.585686 44.777916
460.732422 460.037354
362.634644 413.407990
277.786469 492.420807
134.831726 172.028610
297.109650 811.830750
156.946732 755.598755
499.085907 298.772156
177.987503 338.215607
172.761047 945.797363
6.099646 451.375732
351.732239 31.859024
451.322510 432.386444
87.764130 78.735153
374.187500 801.271545
280.761261 880.750916
417.196686 488.157532
167.064804 564.066040
445.235138 890.805542
23.478203 168.532364
26.683903 644.763977
485.031830 373.588684
197.152893 968.553223
329.475159 752.778015
149.883224 14.427727
347.765320 318.846100
225.153275 405.005219
167.022797 359.421997
412.824066 514.478088
211.190475 578.282898
154.419022 984.064514
226.784760 151.799118
233.445465 789.822144
351.447052 363.787567
338.700836 752.351990
258.747437 733.461792
195.513107 492.683014
49.015388 787.478699
227.897064 759.411316
267.806427 758.004944
380.726776 238.832092
33.763172 219.642487
315.069336 407.556213
282.355804 461.228912
455.572876 987.221619
14.904964 227.783951
485.498047 488.545654
181.607620 443.508118
135.539307 75.448250
397.624084 948.995483
407.979950 319.615631
339.624878 214.916229
400.150848 779.507751
496.159088 263.534790
267.130829 532.651672
5.828185 302.758057
379.537262 88.390884
253.737656 395.321075
240.377319 81.465057
422.500000 397.981384
29.639748 876.061829
305.942078 39.972809
179.094696 975.348450
234.081284 632.975281
20.604382 270.776611
288.874146 858.596924
288.076874 264.428101
32.077354 382.690857
17.139318 65.908112
316.275604 572.854919
292.201904 647.765503
432.127777 350.043579
361.695129 378.013550
366.345764 212.103485
221.958893 581.914612
298.022644 508.165283
226.250732 215.850220
266.736420 812.583984
91.514473 11.619039
219.979431 231.995331
132.523056 27.530098
40.703167 842.787903
137.352631 154.105423
108.827667 315.894043
101.016937 851.704468
438.762085 788.573303
247.207062 744.361938
64.958023 225.626373
56.755295 863.981506
210.974686 561.854065
220.149582 27.814751
30.312817 893.872620
112.962112 598.157471
351.745758 414.863647
297.866943 152.015854
316.595428 862.172180
80.578766 717.451233
350.989929 441.504150
430.079132 920.438904
372.423340 71.570213
384.920868 626.147217
424.314911 271.613312
182.075302 978.760437
241.030151 482.884583
420.576752 904.969543
17.544775 288.638092
461.002167 104.758026
87.126625 156.449295
344.906830 878.967285
278.440887 292.692017
10.597560 198.171936
73.163742 190.529129
452.334930 849.824280
309.107727 767.179871
383.971313 369.431488
413.510132 542.406494
492.716492 678.893616
401.020111 356.087769
327.098022 291.259521
413.622375 500.395996
94.055092 863.710938
388.401062 119.013390
479.024750 951.544800
129.021561 651.384521
414.400085 816.775635
466.705322 851.495300
2.498768 88.940765
16.173946 910.570740
464.022766 654.057739
337.247772 699.028259
6.812727 506.500641
116.886223 999.067871
88.582954 45.454540
174.321014 833.048279
159.956589 184.127945
163.355698 512.943115
19.110567 112.478363
309.068939 996.307922
27.284435 877.419189
322.066895 884.535278
345.552948 581.768982
366.682098 699.142395
328.641296 768.054993
302.885437 589.474792
208.137726 287.463745
140.658112 435.601898
390.891113 519.937805
214.479675 959.358643
275.450653 779.825317
395.154999 872.106384
476.744080 125.851204
189.418945 991.792236
110.267464 997.006042
493.989960 282.352783
436.578430 635.792603
79.236389 568.620117
104.829109 892.918640
130.183105 868.271362
328.774567 867.475708
226.134460 83.086334
73.201736 736.249268
251.862732 928.903870
124.336891 933.357971
443.566925 801.579346
